n26 = [  13.90989308377004194262,   13.52527609786712498984,   10.34207466799913851477,   14.43241140470358821815,   13.31953100537580655157,   12.61263816360477045542,   12.77169578985002243356,   13.02358110862302890270,   12.35837648032823901396,   12.90839262077375041750,   10.82257083095016791333,   13.35204342579543321332,   11.30833903013940725402,   13.62901503252245825545,   13.46709603390574706578,   14.11252095745431283953,   13.54882190845875105517,   11.96614491334560188493,   14.07146236255662414497,   13.98334992767645760213,   12.69435788722145183605,   11.66311330845580642585,   13.21006248324023125366,   13.30263892378755226104, ]
yt = [  13.32574806473615937081, ]
xt = [1, ]
