n26 = [  25.33827328793187123532,   25.33823761201864747765,   25.33842019945967364604,   25.33823863231440688681,   25.33815187058686291786,   25.33829961068069416309,   25.33838031037854302691,   25.33829260493139770224,   25.33825917411552306434,   25.33821883844788762016,   25.33822751105169689308,   25.33827682486662079449,   25.33821349881882736832,   25.33822985774729500894,   25.33823611558356177047,   25.33821836230342366969,   25.33825165802685964143,   25.33823336077854970066,   25.33822781714264355500,   25.33823393894793900120,   25.33836483733493327025,   25.33829777422543080671,   25.33834830990065987294,   25.33818027023714598671, ]
yt = [  25.33827164237103265511, ]
xt = [1, ]
