n26 = [  24.55730213156936661903,   24.55736343097258426657,   24.55704966043478811900,   24.55736167792764086670,   24.55751073757252174803,   24.55725690040649400632,   24.55711821773067507664,   24.55726893881313500564,   24.55732638283626522238,   24.55739568661935827432,   24.55738078600259228883,   24.55729605407956392740,   24.55740486064803776954,   24.55737675404454104303,   24.55736600210131470937,   24.55739650468797903755,   24.55733929720000252063,   24.55737073530358641725,   24.55738026009565942026,   24.55736974191674286752,   24.55714480983723981868,   24.55726005611503709805,   24.55717321317233051668,   24.55746194867471706921, ]
yt = [  24.55730495911103659218, ]
xt = [1, ]
