n26 = [  25.99966906742716115861,   25.99974651830121200394,   25.99997209554503673976,   25.99952460463138690684,   25.99978021092886670655,   25.99986535279906755581,   25.99984965783206438024,   25.99982097645125623218,   25.99988711047090542312,   25.99983471520481647862,   25.99996106690208422241,   25.99977520116230280019,   25.99994548046954133402,   25.99972761826322336862,   25.99975653801614716362,   25.99961915865050144682,   25.99974234698306256412,   25.99991398461261258961,   25.99962984585393838133,   25.99965177910196023094,   25.99985750533690900821,   25.99993028084832254188,   25.99979627216618272012,   25.99978276955829747767, ]
yt = [  25.99977926166731627931, ]
xt = [1, ]
