n26 = [   3.70043971814109216032,    3.16992500144231236295,    2.00000000000000000000,    3.00000000000000000000,    3.00000000000000000000,    2.00000000000000000000,    2.58496250072115618147,    3.70043971814109216032,    2.80735492205760410749,    3.32192809488736234781,    3.00000000000000000000,    2.00000000000000000000,    2.58496250072115618147,    3.45943161863729725615,    4.00000000000000000000,    3.00000000000000000000,    3.70043971814109216032,    3.00000000000000000000,    4.16992500144231236295,    2.80735492205760410749,    2.58496250072115618147,    3.00000000000000000000,    3.16992500144231236295,    3.32192809488736234781, ]
yt = [   3.70043971814109216032, ]
xt = [1, ]
