n26 = [  19.96243006736033228504,   19.96975749091533207207,   19.95008025872439524732,   19.96113170707775048146,   19.95683271304747277534,   19.97506426575904785181,   19.96594347953052044596,   19.97241892805631593641,   19.97475906651083246007,   19.96361579544446571664,   19.96104548510398277172,   19.96855008468657899021,   19.96151610956770569225,   19.95982934786129778595,   19.95172438988145939380,   19.95854138769306547821,   19.95983642139026832674,   19.95441075126673526920,   19.96167577608121370021,   19.97032219324861714027,   19.96126173703012039208,   19.96827585284492262777,   19.95585136498905510540,   19.96854164756098821976, ]
yt = [  19.96191540575249652976, ]
xt = [1, ]
